A=[1 2 6;8 9 7;3 6 4];
B=A^2
C= A^3
