A=[5 4 6;8 9 7;3 6 4]
B=[9 1 7;5 6 6;5 6 8]
C=A+B
D=A-B
