A=[5 4 6;8 9 7;3 6 4]
B=[9 1 7 1;5 6 6 2;5 6 8 3]
C=A*B
