>>pi
ans =
    3.1416
>> format long
>> pi
ans =
   3.141592653589793
>> pi
ans =
   3.141592653589793
>> format short e
>> pi
ans =
   3.1416e+00
>> format long g
>>  pi
ans =
   3.14159265358979
>> format hex
>> pi
ans =
   400921fb54442d18
