M=[81    80    81    81    81    81    81    81    81    81    81    81 81    81    81    81    81    81    83    87   101   108   110   107 95    82    82    81    81    81    81    81    81    81    81    81 81    81    81    81    82    81    81    81    81    81    81    81 82    82    81    82    81    81    81    81    81    81    81    81 81    81    81    84    98   119   141   154   156   163   168   171 175   177   172   171   170   166   162   154   139   127   112    98 89    84    81    81    81    81    81    82    81    81    81    81 80    81    81    80    80    80    80    81    80    80    80    80  79    79    79    79    79    79    79    79    79    80    90    93 104   116   128   136   143   145   147   150   152   143   139   130 122   121   115   109   101    93    86    84    82    81    84   100 116   133   140   137   135   132   128   120   106    96    84    79 78    78    79    79    79    78    79    79    78    79    77    78 79    78    77    79    76    78    77    78    79    79    77    77 76    76    76    77    76    76    76    75    75    75    76    76 76    76    76    76    75    78    76    75    75    76    75    76 74    74    73    73    73    73    74    73    73    74    73    74 74    73    73    73    73    73    73    73    73    74    73    73 73    80    87   105   121   134   138   135   118   104    83    73  73    73    72    73    72    83   105   131   148   152   143   143 141   143   134   118
   81    81    81    82    81    81    81    81    81    81    81    81 81    81    81    82    81    81    81    81    84    87    87    87 82    81    81    81    81    81    81    81    81    81    81    81 81    81    81    81    81    81    81    81    81    81    81    81 81    82    82    81    82    81    81    82    82    81    81    81 81    81    82    82    90   114   133   149   152   157   168   171 178   183   177   179   174   172   171   166   160   152   138   122 104    93    84    82    81    81    81    81    81    81    81    82 81    81    81    81    81    82    81    81    81    80    80    81 80    80    80    80    80    80    80    86    90   103   111   122 132   141   148   148   152   152   151   160   158   160   163   158 157   156   150   143   127   111    91    84    84    80    87   101 120   143   146   144   139   137   135   132   126   111    93    84 80    79    80    80    79    79    79    78    79    80    78    79 79    78    79    78    76    79    77    78    79    81    78    78 77    76    77    76    76    76    76    76    76    76    76    76 76    76    76    76    76    76    76    76    79    82    90    94 87    82    76    74    74    74    74    73    74    76    73    76 76    75    74    73    74    73    74    73    73    74    74    73 72    73    76    82    98   105   116   120   104    90    79    72  75    73    73    73    71    84   110   133   151   149   148   142 142   140   135   119
   82    81    81    81    81    82    81    81    81    81    81    81 82    81    81    81    81    81    82    82    82    82    82    82 82    82    82    82    82    82    82    82    82    82    82    82 82    82    82    82    82    82    82    82    82    82    82    82 82    82    82    82    82    82    82    82    82    82    82    82 83    82    82    82    87   101   118   136   145   151   160   164 174   180   183   185   181   179   179   174   171   166   158   146 131   116    98    91    82    82    81    82    82    82    81    82 81    81    81    81    81    81    81    81    82    81    81    81 81    81    81    81    82    86    94   110   118   128   140   146 149   153   157   155   155   157   155   159   162   160   166   166 170   172   171   163   144   118    98    87    83    81    84    99 121   144   152   148   143   140   141   138   136   129   113    98 85    79    79    79    79    80    80    79    79    81    80    79 79    79    80    80    78    79    79    81    81    81    78    79 78    77    76    76    76    76    76    76    76    76    76    76 76    76    76    76    76    77    76    76    84   101   115   126 118   103    89    79    75    74    74    74    75    77    75    75 74    76    74    74    73    73    73    73    73    74    74   73 73    73    73    75    75    81    87    89    84    80    74    73  73    74    71    73    73    84   110   133   152   155   147   143 141   143   136   121
   81    82    82    82    82    82    82    82    82    82    82    82 82    82    82    82    82    82    82    82    82    82    82    82 82    82    82    82    82    82    82    83    83    84    84    83 84    84    84    86    86    87    87    84    83    82    82    82 82    83    82    82    83    82    82    82    82    82    82    82 82    82    82    83    84    87   101   120   131   145   149   158 167   174   178   186   185   186   185   180   174   173   171   163 154   136   121   106    94    84    82    82    83    82    82    82 82    82    81    82    81    82    82    81    82    81    81    81 81    81    81    85    96   110   122   131   142   148   152   157 155   159   162   161   161   159   157   159   163   161   165   172 171   175   173   160   145   115    95    86    84    82    86    98 121   141   157   149   149   144   143   146   141   138   126   112 94    82    80    80    79    82    79    79    80    79    79    81 80    79    79    79    79    79    79    79    80    79    79    79 77    78    77    77    76    76    79    79    82    79    76    79 77    76    78    76    77    76    76    78    93   114   132   143 136   127   112    96    84    76    75    74    76    76    76    76 76    76    75    75    74    74    74    73    74    73    74    74 73    74    73    73    73    73    75    74    73    74    73    73 73    73    72    73    73    84   108   135   149   154   146   143 143   146   138   122
   82    82    82    82    82    82    82    82    82    82    82    82 82    82    82    82    82    82    82    82    84    84    86    90 88    91    91    90    92    91    95    98    99   102   101   103 103   103   106   110   112   115   110   107    98    91    86    83 83    83    83    83    83    82    83    83    82    83    82    82 82    82    82    82    82    84    87   100   110   126   141   151 162   167   174   183   187   191   188   186   183   178   177  171 166   160   149   133   115    97    87    83    82    83    82    83 82    82    82    82    82    82    82    82    82    82    82    82 82    84    97   110   126   135   145   149   156   157   161   163 164   164   168   163   163   160   160   163   168   171   180   183 179   174   161   145   126   107    90    86    84    84    84    94 115   138   155   155   153   153   149   151   149   143   138   126 110    93    82    79    79    80    80    79    79    80    79   81 79    79    79    79    78    79    79    80    82    82    79    79 78    78    78    78    79    96   103   110    99    89    79    79 79    79    79    78    77    78    77    81   101   122   138   148 145   146   138   124   101    87    76    76    76    77    76    76 76    76    76    76    74    75    75    76    74    75    76    74 74    76    74    74    73    73    74    73    73    73    73    73 74    73    73    73    73    84   111   135   152   152   145   141 144   143   138   122
